Train/pos/crop001001.png 261 109 511 705 31 326 209 712 148 179 290 641 
Train/pos/crop001002.png 270 242 704 901 570 174 959 957 
Train/pos/crop001003.png 293 117 478 712 443 62 660 711 
Train/pos/crop001004.png 328 135 510 717 467 185 581 739 
Train/pos/crop001005.png 268 186 457 941 344 133 635 939 
Train/pos/crop001006.png 374 114 616 701 552 88 736 688 
Train/pos/crop001007.png 235 236 399 724 380 207 550 724 548 222 729 739 723 279 925 754 889 292 1097 765 
Train/pos/crop001008.png 212 286 265 413 355 322 416 443 
Train/pos/crop001009.png 195 154 297 468 
Train/pos/crop001010.png 153 204 421 726 
Train/pos/crop001011.png 164 176 433 784 530 167 760 773 
Train/pos/crop001012.png 311 274 511 760 
Train/pos/crop001013.png 234 169 554 853 
Train/pos/crop001014.png 335 306 510 726 
Train/pos/crop001015.png 241 330 400 661 
Train/pos/crop001016.png 282 330 426 696 
Train/pos/crop001017.png 185 254 437 956 
Train/pos/crop001018.png 197 194 484 966 
Train/pos/crop001019.png 155 168 512 948 
Train/pos/crop001020.png 270 264 470 932 
Train/pos/crop001021.png 319 119 700 817 
Train/pos/crop001022.png 275 259 501 759 
Train/pos/crop001023.png 257 218 512 850 605 234 810 879 
Train/pos/crop001024.png 316 359 531 968 
Train/pos/crop001025.png 287 297 509 755 
Train/pos/crop001026.png 295 263 504 689 493 305 650 659 641 340 691 467 
Train/pos/crop001027.png 205 227 670 824 
Train/pos/crop001028.png 286 277 561 929 
Train/pos/crop001029.png 299 307 506 743 
Train/pos/crop001030.png 306 235 403 678 577 262 682 605 
Train/pos/crop001031.png 313 250 456 656 
Train/pos/crop001032.png 322 226 529 785 
Train/pos/crop001033.png 317 244 607 956 
Train/pos/crop001034.png 312 240 475 731 
Train/pos/crop001035.png 226 205 449 970 
Train/pos/crop001036.png 232 277 394 733 
Train/pos/crop001037.png 263 196 448 770 
Train/pos/crop001038.png 679 332 801 676 368 415 539 641 267 357 383 640 161 344 267 651 
Train/pos/crop001039.png 419 320 561 788 266 304 408 794 
Train/pos/crop001040.png 222 164 329 545 
Train/pos/crop001042.png 337 224 475 868 224 192 315 710 
Train/pos/crop001043.png 145 201 312 866 
Train/pos/crop001044.png 186 135 243 325 
Train/pos/crop001045.png 161 172 204 306 
Train/pos/crop001046.png 163 137 257 350 
Train/pos/crop001047.png 216 194 274 376 
Train/pos/crop001048.png 250 207 362 515 
Train/pos/crop001049.png 172 123 212 214 
Train/pos/crop001050.png 432 272 561 765 218 296 363 732 199 280 248 446 153 286 207 443 380 320 434 481 
Train/pos/crop001051.png 214 267 363 638 152 268 257 495 
Train/pos/crop001052.png 165 171 246 362 
Train/pos/crop001053.png 209 250 447 931 
Train/pos/crop001054.png 279 197 401 466 217 223 255 326 
Train/pos/crop001055.png 111 240 227 537 
Train/pos/crop001056.png 173 176 224 306 253 179 304 313 
Train/pos/crop001057.png 246 189 320 438 
Train/pos/crop001058.png 284 249 518 905 
Train/pos/crop001059.png 160 243 395 812 
Train/pos/crop001060.png 165 276 437 971 
Train/pos/crop001061.png 291 276 441 678 511 363 561 495 
Train/pos/crop001063.png 198 237 325 808 151 315 210 537 95 292 153 532 310 310 371 545 
Train/pos/crop001064.png 147 143 247 476 293 182 403 499 439 139 560 488 584 128 710 510 
Train/pos/crop001066.png 237 178 420 649 
Train/pos/crop001068.png 204 171 407 587 
Train/pos/crop001069.png 160 143 218 296 95 130 153 262 
Train/pos/crop001070.png 232 179 432 788 
Train/pos/crop001071.png 215 250 373 652 
Train/pos/crop001072.png 262 253 421 813 403 332 564 811 480 301 639 808 606 278 719 786 681 274 794 764 815 277 955 765 
Train/pos/crop001073.png 76 211 241 732 239 178 289 334 
Train/pos/crop001074.png 165 203 234 420 210 207 292 433 281 272 341 481 349 314 395 466 396 206 467 449 433 231 511 463 511 204 563 333 
Train/pos/crop001075.png 169 285 230 474 214 208 321 588 
Train/pos/crop001078.png 178 120 272 362 269 132 345 359 368 121 410 245 
Train/pos/crop001079.png 364 349 441 575 351 200 411 371 164 180 319 596 282 220 332 361 314 205 356 307 436 218 469 307 
Train/pos/crop001081.png 156 138 218 358 145 50 172 156 202 51 239 152 
Train/pos/crop001083.png 261 226 382 673 146 236 217 408 55 241 110 431 
Train/pos/crop001084.png 214 301 394 973 
Train/pos/crop001085.png 172 213 260 508 
Train/pos/crop001086.png 210 266 403 786 127 276 230 647 
Train/pos/crop001087.png 105 247 223 571 
Train/pos/crop001088.png 230 182 438 945 
Train/pos/crop001089.png 251 217 460 828 
Train/pos/crop001090.png 327 259 501 771 
Train/pos/crop001091.png 286 189 456 804 
Train/pos/crop001092.png 247 178 471 896 
Train/pos/crop001093.png 467 190 664 806 296 298 474 852 170 224 337 792 
Train/pos/crop001094.png 257 250 374 674 405 252 545 674 524 255 611 494 130 278 207 472 579 260 664 496 
Train/pos/crop001095.png 383 225 562 750 162 156 376 850 
Train/pos/crop001096.png 192 209 327 591 
Train/pos/crop001097.png 315 148 388 375 223 144 292 364 473 167 529 356 
Train/pos/crop001098.png 319 175 386 383 
Train/pos/crop001099.png 175 226 414 799 61 414 183 824 
Train/pos/crop001102.png 98 191 237 572 213 182 279 380 339 179 438 424 427 187 514 423 514 186 587 402 582 180 648 433 623 159 705 430 
Train/pos/crop001103.png 237 194 317 401 
Train/pos/crop001104.png 198 279 360 682 366 414 432 670 88 235 247 653 
Train/pos/crop001105.png 199 309 274 520 
Train/pos/crop001106.png 217 218 416 664 
Train/pos/crop001107.png 243 200 491 872 515 330 672 931 670 259 842 846 
Train/pos/crop001108.png 171 177 288 448 
Train/pos/crop001109.png 222 130 312 423 
Train/pos/crop001110.png 216 284 262 476 249 287 325 477 
Train/pos/crop001111.png 214 256 280 475 
Train/pos/crop001112.png 283 210 322 310 233 204 273 308 
Train/pos/crop001113.png 217 260 376 745 152 39 214 212 430 64 481 211 
Train/pos/crop001114.png 438 236 597 787 275 303 443 710 653 246 834 774 
Train/pos/crop001115.png 236 123 283 305 170 160 226 304 
Train/pos/crop001116.png 371 157 438 315 179 172 223 321 
Train/pos/crop001119.png 80 165 118 265 
Train/pos/crop001120.png 220 153 275 322 264 153 316 332 347 156 415 325 409 180 467 336 
Train/pos/crop001121.png 194 211 240 353 245 164 322 362 343 160 419 357 
Train/pos/crop001122.png 267 193 339 406 206 194 269 401 
Train/pos/crop001123.png 188 142 290 477 269 141 346 482 
Train/pos/crop001124.png 223 186 366 554 373 221 474 550 
Train/pos/crop001125.png 129 243 219 550 248 216 353 550 
Train/pos/crop001126.png 201 181 308 457 311 217 376 449 364 211 439 439 428 210 491 442 478 207 549 437 553 213 633 437 
Train/pos/crop001127.png 366 175 459 423 283 186 350 374 192 152 275 468 
Train/pos/crop001128.png 164 212 451 780 
Train/pos/crop001129.png 90 146 246 551 
Train/pos/crop001130.png 190 200 407 883 
Train/pos/crop001131.png 188 244 427 801 
Train/pos/crop001132.png 200 230 457 933 
Train/pos/crop001133.png 221 184 294 402 
Train/pos/crop001134.png 180 174 292 473 
Train/pos/crop001135.png 148 138 215 331 
Train/pos/crop001136.png 211 158 245 270 240 163 275 273 290 166 313 269 312 168 337 270 
Train/pos/crop001137.png 225 204 328 606 
Train/pos/crop001138.png 230 235 364 660 315 237 470 692 
Train/pos/crop001140.png 175 222 292 619 
Train/pos/crop001141.png 421 210 544 748 189 223 349 738 129 240 184 415 591 195 712 577 
Train/pos/crop001142.png 208 183 285 480 
Train/pos/crop001143.png 204 120 282 473 131 109 219 413 67 80 146 320 301 163 397 518 425 154 509 477 
Train/pos/crop001144.png 346 167 416 374 411 159 487 361 316 141 371 363 258 154 324 350 163 152 214 350 
Train/pos/crop001145.png 256 174 325 420 60 95 147 306 
Train/pos/crop001146.png 257 218 411 718 
Train/pos/crop001147.png 154 135 303 460 
Train/pos/crop001148.png 162 75 217 200 
Train/pos/crop001149.png 234 189 354 582 122 173 224 553 
Train/pos/crop001150.png 168 112 204 239 
Train/pos/crop001151.png 283 241 477 807 
Train/pos/crop001152.png 265 187 529 947 
Train/pos/crop001153.png 272 254 320 406 
Train/pos/crop001154.png 281 161 619 967 
Train/pos/crop001155.png 247 169 418 947 
Train/pos/crop001156.png 186 203 358 785 
Train/pos/crop001158.png 68 90 127 336 143 84 205 225 
Train/pos/crop001160.png 96 70 159 174 
Train/pos/crop001162.png 116 90 191 340 192 97 264 346 259 108 315 286 
Train/pos/crop001163.png 12 94 113 371 
Train/pos/crop001164.png 166 217 242 483 325 249 391 463 240 248 288 408 387 246 540 652 642 222 776 605 785 205 925 594 523 247 599 454 109 253 147 355 
Train/pos/crop001200.png 245 191 435 813 
Train/pos/crop001201.png 236 279 349 673 
Train/pos/crop001202.png 180 214 401 818 
Train/pos/crop001205.png 242 160 342 416 316 181 445 391 
Train/pos/crop001206.png 168 154 276 550 
Train/pos/crop001207.png 161 105 241 310 
Train/pos/crop001208.png 175 145 263 406 358 168 517 618 288 126 356 255 
Train/pos/crop001210.png 154 148 300 542 
Train/pos/crop001211.png 225 215 475 810 
Train/pos/crop001212.png 177 208 391 653 
Train/pos/crop001213.png 155 237 433 838 
Train/pos/crop001214.png 223 211 317 479 
Train/pos/crop001216.png 185 104 346 568 
Train/pos/crop001217.png 147 153 315 557 114 127 161 270 52 124 107 254 
Train/pos/crop001218.png 104 240 223 585 
Train/pos/crop001219.png 166 145 256 454 
Train/pos/crop001220.png 241 193 339 530 
Train/pos/crop001222.png 257 174 395 729 148 130 244 325 
Train/pos/crop001230.png 210 191 362 630 
Train/pos/crop001231.png 196 168 342 477 
Train/pos/crop001232.png 204 182 507 849 
Train/pos/crop001234.png 187 173 320 528 
Train/pos/crop001235.png 171 187 462 722 
Train/pos/crop001236.png 136 164 237 466 328 162 474 541 470 167 601 474 
Train/pos/crop001237.png 189 143 298 448 
Train/pos/crop001238.png 169 139 262 476 
Train/pos/crop001241.png 216 157 343 479 
Train/pos/crop001242.png 219 176 408 791 
Train/pos/crop001246.png 138 176 281 532 
Train/pos/crop001247.png 193 155 390 696 
Train/pos/crop001248.png 198 194 462 729 
Train/pos/crop001250.png 286 116 545 803 
Train/pos/crop001251.png 220 73 492 845 
Train/pos/crop001252.png 154 134 310 488 
Train/pos/crop001253.png 206 167 388 852 
Train/pos/crop001254.png 42 142 195 763 
Train/pos/crop001255.png 216 168 348 546 
Train/pos/crop001256.png 207 149 333 477 
Train/pos/crop001257.png 186 141 306 453 
Train/pos/crop001258.png 234 141 339 506 
Train/pos/crop001259.png 157 138 370 631 
Train/pos/crop001260.png 195 184 357 622 256 189 406 605 
Train/pos/crop001263.png 128 152 303 642 115 118 178 269 
Train/pos/crop001264.png 307 122 477 787 122 156 322 685 
Train/pos/crop001265.png 258 115 327 349 389 115 435 292 170 117 223 261 224 99 274 282 
Train/pos/crop001267.png 179 140 230 340 350 150 406 342 511 169 569 341 111 167 158 322 227 156 275 293 
Train/pos/crop001268.png 206 122 288 318 125 122 182 267 328 127 389 271 392 126 469 305 491 141 528 293 
Train/pos/crop001270.png 199 158 326 399 310 214 458 519 
Train/pos/crop001271.png 182 87 251 288 144 104 182 259 
Train/pos/crop001272.png 149 101 258 346 
Train/pos/crop001273.png 587 131 700 475 228 109 354 421 
Train/pos/crop001274.png 179 212 282 612 
Train/pos/crop001275.png 172 178 324 531 
Train/pos/crop001276.png 209 171 430 858 
Train/pos/crop001278.png 44 121 104 254 
Train/pos/crop001500.png 104 108 151 232 
Train/pos/crop001503.png 201 141 256 264 
Train/pos/crop001505.png 769 326 845 605 564 261 681 807 498 338 594 799 338 350 425 741 152 327 226 628 
Train/pos/crop001506.png 218 183 355 642 
Train/pos/crop001507.png 437 303 556 778 234 298 360 752 363 235 486 699 
Train/pos/crop001508.png 425 260 550 722 316 283 426 681 
Train/pos/crop001509.png 390 278 535 753 
Train/pos/crop001510.png 215 220 390 776 
Train/pos/crop001513.png 258 212 390 563 645 210 771 528 
Train/pos/crop001515.png 196 206 263 406 301 229 383 503 
Train/pos/crop001516.png 348 208 497 806 
Train/pos/crop001517.png 222 154 417 814 71 223 158 471 
Train/pos/crop001518.png 183 231 270 542 
Train/pos/crop001519.png 227 224 414 765 
Train/pos/crop001523.png 109 136 152 292 
Train/pos/crop001524.png 579 205 744 760 
Train/pos/crop001525.png 456 223 514 403 298 216 396 570 226 223 293 486 
Train/pos/crop001526.png 499 260 642 768 311 226 467 767 101 209 161 384 
Train/pos/crop001527.png 239 280 334 611 736 294 816 545 477 315 573 613 352 284 418 482 
Train/pos/crop001528.png 265 249 403 762 
Train/pos/crop001529.png 371 184 509 639 504 185 562 445 584 176 624 371 
Train/pos/crop001530.png 377 180 447 359 
Train/pos/crop001532.png 517 284 660 794 307 304 449 734 
Train/pos/crop001534.png 643 259 705 472 295 278 487 756 575 282 616 412 
Train/pos/crop001536.png 248 317 319 517 385 320 438 462 595 322 636 459 138 315 223 567 
Train/pos/crop001537.png 433 226 470 355 
Train/pos/crop001538.png 485 176 561 407 180 214 338 622 
Train/pos/crop001539.png 255 156 313 345 
Train/pos/crop001540.png 441 258 530 543 228 245 302 471 
Train/pos/crop001541.png 308 298 448 775 450 316 519 570 
Train/pos/crop001542.png 244 193 325 469 
Train/pos/crop001543.png 150 137 182 224 289 127 319 188 
Train/pos/crop001547.png 97 100 120 147 
Train/pos/crop001548.png 112 104 139 176 
Train/pos/crop001550.png 414 254 507 685 528 177 728 597 
Train/pos/crop001551.png 177 208 313 661 453 198 615 637 
Train/pos/crop001552.png 197 266 313 646 387 248 522 647 510 262 630 646 649 223 774 648 
Train/pos/crop001553.png 224 180 370 573 
Train/pos/crop001554.png 207 184 291 497 
Train/pos/crop001556.png 190 130 252 326 
Train/pos/crop001557.png 148 257 197 407 
Train/pos/crop001558.png 308 273 354 408 373 295 422 431 
Train/pos/crop001559.png 635 150 773 544 516 180 614 544 395 199 525 559 306 184 419 534 177 166 303 476 120 148 186 379 
Train/pos/crop001560.png 500 240 621 555 300 306 373 528 198 295 265 530 303 302 373 531 730 339 808 548 
Train/pos/crop001561.png 481 254 595 575 588 353 657 573 
Train/pos/crop001562.png 68 60 103 155 195 82 227 161 
Train/pos/crop001563.png 170 163 260 420 279 157 365 418 458 155 543 428 590 146 670 426 
Train/pos/crop001564.png 178 145 264 400 454 202 551 454 
Train/pos/crop001565.png 222 147 304 407 
Train/pos/crop001567.png 95 98 161 245 
Train/pos/crop001568.png 163 196 325 707 
Train/pos/crop001569.png 242 179 445 622 154 158 320 594 659 159 840 685 849 228 1048 772 
Train/pos/crop001570.png 261 172 368 437 125 184 193 352 
Train/pos/crop001571.png 222 199 299 410 44 188 92 318 364 202 456 446 447 203 546 567 339 197 393 372 87 190 118 276 
Train/pos/crop001572.png 65 179 104 300 
Train/pos/crop001577.png 163 32 419 863 
Train/pos/crop001578.png 90 90 128 190 
Train/pos/crop001579.png 93 84 182 301 
Train/pos/crop001580.png 265 241 390 779 
Train/pos/crop001581.png 263 184 454 869 
Train/pos/crop001582.png 231 49 427 771 
Train/pos/crop001583.png 120 216 273 832 253 258 434 808 
Train/pos/crop001584.png 297 121 504 836 58 74 253 827 
Train/pos/crop001589.png 80 222 235 818 
Train/pos/crop001591.png 215 122 413 912 28 191 167 573 
Train/pos/crop001592.png 120 192 187 398 421 207 487 398 282 197 350 392 
Train/pos/crop001594.png 438 186 541 531 315 228 391 504 227 222 311 502 97 182 149 358 16 193 73 348 
Train/pos/crop001595.png 122 145 157 240 
Train/pos/crop001596.png 214 237 336 794 313 231 467 800 648 246 843 702 
Train/pos/crop001597.png 296 230 460 685 
Train/pos/crop001598.png 315 298 433 670 
Train/pos/crop001599.png 224 229 411 814 431 296 478 456 
Train/pos/crop001600.png 170 167 255 417 
Train/pos/crop001601.png 75 239 222 773 
Train/pos/crop001603.png 289 356 411 770 
Train/pos/crop001605.png 179 178 239 353 
Train/pos/crop001606.png 180 130 217 280 
Train/pos/crop001608.png 370 320 452 691 
Train/pos/crop001609.png 255 174 310 309 309 188 344 310 408 112 434 185 511 118 536 191 
Train/pos/crop001610.png 329 163 394 358 
Train/pos/crop001611.png 339 362 428 685 254 386 325 663 
Train/pos/crop001612.png 427 284 512 584 299 272 412 580 569 290 651 517 426 288 516 583 
Train/pos/crop001613.png 328 190 431 491 
Train/pos/crop001614.png 557 353 620 580 673 366 763 639 470 354 533 574 377 365 468 627 348 455 400 634 214 343 275 521 767 349 793 427 820 349 845 428 
Train/pos/crop001615.png 237 270 337 557 
Train/pos/crop001616.png 905 218 960 427 666 216 758 539 556 197 650 536 407 253 489 589 294 154 428 576 181 187 288 566 505 182 568 428 1056 219 1094 336 1094 221 1127 339 1004 208 1045 330 962 219 997 324 857 207 892 332 
Train/pos/crop001617.png 320 286 407 589 
Train/pos/crop001618.png 260 261 373 708 
Train/pos/crop001619.png 166 321 266 781 359 299 451 562 794 323 856 536 712 316 763 532 
Train/pos/crop001620.png 474 234 529 454 160 251 225 470 680 235 730 411 629 255 673 407 452 269 487 399 573 261 606 361 92 279 125 388 31 297 65 394 
Train/pos/crop001621.png 473 134 539 353 211 172 272 402 
Train/pos/crop001622.png 198 159 248 301 237 169 286 306 
Train/pos/crop001623.png 612 236 780 852 499 234 618 688 305 257 497 860 
Train/pos/crop001624.png 180 200 262 491 255 200 304 382 
Train/pos/crop001625.png 139 120 180 223 
Train/pos/crop001626.png 222 191 299 423 163 167 210 289 
Train/pos/crop001627.png 326 225 459 798 
Train/pos/crop001628.png 126 164 247 661 
Train/pos/crop001629.png 451 219 558 691 352 225 469 652 640 280 726 635 
Train/pos/crop001630.png 134 81 183 207 
Train/pos/crop001632.png 166 144 226 319 
Train/pos/crop001635.png 417 404 546 853 186 284 384 852 603 270 659 450 666 263 714 449 71 370 148 623 
Train/pos/crop001636.png 609 283 699 604 
Train/pos/crop001637.png 350 314 434 557 439 282 493 453 532 278 643 638 
Train/pos/crop001640.png 286 165 500 806 
Train/pos/crop001642.png 489 261 606 691 248 219 391 704 940 270 1062 700 
Train/pos/crop001643.png 217 148 278 347 
Train/pos/crop001644.png 149 183 243 506 
Train/pos/crop001646.png 250 220 325 431 352 208 430 418 430 242 500 460 592 231 646 420 640 243 695 423 
Train/pos/crop001647.png 253 171 306 296 210 170 254 300 
Train/pos/crop001648.png 465 247 555 530 245 259 304 469 
Train/pos/crop001649.png 541 314 671 760 119 315 223 634 465 270 498 368 379 273 441 448 
Train/pos/crop001650.png 328 173 389 316 
Train/pos/crop001651.png 497 280 638 721 277 258 400 614 439 289 523 590 
Train/pos/crop001652.png 64 167 235 780 
Train/pos/crop001655.png 435 255 523 512 347 270 431 508 217 265 275 436 80 258 122 392 
Train/pos/crop001656.png 397 180 457 366 
Train/pos/crop001657.png 371 145 441 380 155 149 236 373 
Train/pos/crop001662.png 222 221 271 339 98 206 151 332 187 213 228 337 
Train/pos/crop001663.png 276 167 361 382 
Train/pos/crop001665.png 200 292 335 687 
Train/pos/crop001666.png 197 347 326 692 437 357 555 693 
Train/pos/crop001667.png 169 190 410 748 
Train/pos/crop001668.png 441 202 483 327 179 153 226 273 397 117 436 203 283 110 328 197 576 89 624 203 
Train/pos/crop001669.png 347 99 381 173 578 243 619 332 
Train/pos/crop001671.png 273 296 458 784 
Train/pos/crop001672.png 255 267 421 776 
Train/pos/crop001673.png 227 174 335 479 
Train/pos/crop001674.png 243 204 407 722 
Train/pos/crop001675.png 213 302 324 601 
Train/pos/crop001677.png 133 119 173 221 
Train/pos/crop001678.png 145 93 182 192 
Train/pos/crop001679.png 818 311 982 800 559 295 696 687 234 271 362 639 168 276 246 518 473 314 594 641 
Train/pos/crop001680.png 151 185 212 378 230 189 289 326 
Train/pos/crop001681.png 175 222 287 609 
Train/pos/crop001685.png 65 95 147 322 
Train/pos/crop001686.png 73 103 101 169 
Train/pos/crop001687.png 160 130 328 749 
Train/pos/crop001689.png 41 154 204 748 152 102 319 676 263 109 424 650 
Train/pos/crop001690.png 261 216 353 507 351 176 452 451 540 207 637 485 591 22 668 228 
Train/pos/crop001691.png 197 237 296 515 303 132 362 353 410 45 486 250 
Train/pos/crop001692.png 51 207 157 556 188 292 291 649 
Train/pos/crop001693.png 245 178 310 384 320 228 390 436 
Train/pos/crop001694.png 555 302 705 765 482 225 593 631 267 360 458 797 
Train/pos/crop001695.png 140 151 199 344 
Train/pos/crop001696.png 372 181 493 556 685 212 762 588 822 154 974 692 
Train/pos/crop001697.png 67 198 265 759 
Train/pos/crop001698.png 238 153 322 412 
Train/pos/crop001699.png 204 200 363 754 
Train/pos/crop001700.png 158 274 250 633 244 244 379 617 
Train/pos/crop001701.png 247 200 375 648 
Train/pos/crop001702.png 401 233 465 494 310 242 394 471 
Train/pos/crop001703.png 356 286 482 752 221 295 342 740 
Train/pos/crop001705.png 347 227 419 532 165 241 248 528 
Train/pos/crop001707.png 265 195 372 549 400 218 479 487 198 212 266 471 
Train/pos/crop001708.png 171 201 322 720 105 190 180 434 
Train/pos/crop001709.png 264 111 308 213 70 96 122 190 
Train/pos/crop001710.png 150 193 208 407 211 193 260 352 354 190 387 288 
Train/pos/crop001711.png 295 295 397 712 207 315 299 610 152 278 232 529 26 275 99 503 114 294 172 501 426 297 500 564 525 291 654 654 
Train/pos/crop001712.png 418 263 515 600 220 359 335 689 
Train/pos/crop001713.png 62 230 254 798 
Train/pos/crop001714.png 158 278 246 683 
Train/pos/crop001717.png 209 120 274 310 
Train/pos/crop001720.png 164 367 229 569 254 378 328 577 204 388 247 505 
Train/pos/crop001721.png 93 83 133 179 
Train/pos/crop001806.png 200 143 279 424 307 165 364 402 125 182 198 403 481 183 521 319 
Train/pos/crop001807.png 258 156 302 321 219 152 274 318 
Train/pos/crop001808.png 183 206 277 534 
Train/pos/crop001809.png 313 199 380 482 258 221 331 478 141 232 217 490 
Train/pos/crop001810.png 219 259 301 587 
Train/pos/crop001811.png 138 171 251 551 
Train/pos/crop001812.png 288 153 363 366 174 188 219 344 
Train/pos/crop001813.png 131 112 171 227 
Train/pos/crop001814.png 88 89 131 201 
Train/pos/crop001815.png 193 127 233 240 153 147 191 249 
Train/pos/crop001816.png 231 192 314 487 
Train/pos/crop001817.png 126 131 180 293 
Train/pos/crop001818.png 61 152 119 326 
Train/pos/crop001819.png 135 103 179 204 
Train/pos/crop001820.png 170 155 246 453 
Train/pos/crop001823.png 94 84 134 194 
Train/pos/crop001824.png 329 149 359 231 
Train/pos/crop001829.png 302 161 341 279 
Train/pos/crop001830.png 191 170 238 321 
Train/pos/crop001831.png 118 119 176 258 
Train/pos/crop001832.png 66 84 103 193 
Train/pos/crop001833.png 118 87 156 188 
Train/pos/crop001835.png 216 181 399 780 358 136 517 802 
Train/pos/crop001836.png 463 157 575 647 559 150 663 669 259 126 366 644 365 124 495 652 
Train/pos/crop001837.png 131 108 293 389 
Train/pos/crop001838.png 536 133 594 404 229 130 273 375 72 144 119 368 
Train/pos/crop001839.png 385 134 487 439 43 137 106 368 
Train/pos/crop001840.png 353 118 405 338 275 108 322 342 
Train/pos/crop001841.png 426 148 500 384 
Train/pos/crop001842.png 247 177 301 315 296 194 345 329 
Train/pos/crop001843.png 443 177 503 413 
Train/pos/crop_000010.png 194 127 413 647 
Train/pos/crop_000011.png 146 101 376 598 
Train/pos/crop_000603.png 85 41 282 634 
Train/pos/crop_000606.png 164 127 243 379 227 113 313 356 
Train/pos/crop_000607.png 225 93 416 638 572 64 774 704 
Train/pos/crop_000608.png 124 125 248 389 
Train/pos/person_044.png 16 148 68 282 292 115 381 406 
Train/pos/person_050.png 332 95 451 418 87 109 119 199 
Train/pos/person_060.png 289 216 339 345 
Train/pos/person_061.png 210 168 275 365 
Train/pos/person_086.png 229 148 331 488 
Train/pos/person_091.png 115 185 153 286 357 179 409 351 187 181 287 484 23 189 54 283 
Train/pos/person_097.png 267 86 386 566 78 139 244 570 
Train/pos/person_101.png 375 219 446 421 201 184 290 481 
Train/pos/person_102.png 162 59 324 448 36 101 103 277 
Train/pos/person_103.png 220 222 276 377 
Train/pos/person_106.png 220 270 281 404 
Train/pos/person_111.png 154 127 329 591 30 143 125 445 
Train/pos/person_112.png 268 98 417 635 198 133 299 571 11 96 164 603 
Train/pos/person_114.png 31 32 244 632 240 81 391 636 
Train/pos/person_117.png 170 153 333 570 
Train/pos/person_119.png 163 165 292 504 
Train/pos/person_121.png 189 139 294 473 149 112 180 218 
Train/pos/person_124.png 253 71 321 266 
Train/pos/person_125.png 96 99 218 630 275 79 422 637 
Train/pos/person_126.png 188 102 348 522 63 172 115 304 127 155 174 300 
Train/pos/person_128.png 184 104 262 321 75 98 114 200 359 145 429 325 
Train/pos/person_129.png 321 159 385 360 260 165 311 363 169 210 232 358 
Train/pos/person_130.png 297 84 394 412 
Train/pos/person_131.png 215 176 282 384 293 172 360 363 383 167 428 341 
Train/pos/person_133.png 335 152 400 370 93 231 146 376 237 178 310 371 
Train/pos/person_139.png 500 129 556 347 412 114 495 347 245 117 349 432 156 145 259 439 56 124 141 377 
Train/pos/person_141.png 248 125 361 363 
Train/pos/person_142.png 125 204 209 398 266 14 386 417 
Train/pos/person_143.png 306 64 388 379 231 80 309 367 98 78 214 378 
Train/pos/person_156.png 336 201 425 399 245 187 330 424 
Train/pos/person_160.png 218 137 337 413 57 123 186 434 345 125 454 414 
Train/pos/person_162.png 309 153 417 424 203 155 298 422 
Train/pos/person_165.png 276 203 348 362 
Train/pos/person_166.png 345 159 413 372 244 156 329 382 
Train/pos/person_167.png 304 159 383 364 259 178 321 359 
Train/pos/person_168.png 246 207 291 323 314 195 360 324 
Train/pos/person_169.png 278 131 393 399 179 126 275 408 
Train/pos/person_170.png 431 149 496 377 206 155 298 391 
Train/pos/person_171.png 296 167 378 417 209 184 288 397 
Train/pos/person_172.png 375 183 454 374 292 180 363 376 241 184 290 325 
Train/pos/person_173.png 384 131 471 425 302 136 390 409 
Train/pos/person_174.png 318 103 424 371 169 184 241 372 427 225 499 367 
Train/pos/person_175.png 185 151 243 323 548 132 615 325 467 151 514 301 107 142 165 326 356 137 402 302 
Train/pos/person_176.png 356 103 477 424 243 112 346 421 160 146 208 265 69 139 114 261 19 140 60 259 
Train/pos/person_177.png 240 126 310 399 331 139 408 388 530 152 568 283 
Train/pos/person_178.png 362 159 468 398 459 155 528 416 165 134 256 414 
Train/pos/person_179.png 278 137 406 431 
Train/pos/person_181.png 371 172 463 375 281 178 333 384 
Train/pos/person_185.png 389 172 458 379 312 184 371 393 228 201 278 367 
Train/pos/person_187.png 292 219 340 415 344 232 405 426 406 266 458 432 483 209 563 401 
Train/pos/person_195.png 321 165 399 375 264 188 319 376 65 172 115 360 24 179 78 344 
Train/pos/person_196.png 330 74 448 397 196 97 286 387 
Train/pos/person_199.png 131 185 215 401 213 173 277 388 288 171 359 396 348 182 402 385 523 174 577 292 387 189 436 348 
Train/pos/person_201.png 309 218 349 342 
Train/pos/person_202.png 201 110 276 376 431 150 508 371 354 106 405 269 539 108 594 255 275 115 313 240 
Train/pos/person_203.png 189 198 223 311 468 203 509 312 350 206 387 310 233 200 261 307 
Train/pos/person_208.png 298 106 418 446 421 91 466 235 
Train/pos/person_209.png 224 148 311 385 321 146 413 476 
Train/pos/person_211.png 397 160 469 413 
Train/pos/person_214.png 395 133 492 435 183 129 273 431 
Train/pos/person_219.png 360 129 469 435 296 187 373 425 106 154 158 311 
Train/pos/person_220.png 233 117 279 269 307 117 366 262 
Train/pos/person_221.png 322 141 407 357 
Train/pos/person_223.png 199 60 346 438 350 60 486 406 
Train/pos/person_224.png 237 111 319 438 318 139 382 394 367 125 472 410 471 169 551 390 
Train/pos/person_225.png 211 61 327 432 403 59 522 441 59 17 180 355 
Train/pos/person_228.png 229 103 309 403 290 104 397 436 133 98 178 206 
Train/pos/person_229.png 353 87 473 477 222 91 334 477 324 100 363 241 
Train/pos/person_231.png 355 97 461 452 261 61 375 471 116 105 205 433 
Train/pos/person_232.png 194 13 358 452 363 68 476 457 42 78 103 234 
Train/pos/person_233.png 171 165 270 412 427 165 500 402 
Train/pos/person_234.png 236 170 301 361 332 161 409 358 115 166 176 329 
Train/pos/person_235.png 190 116 326 447 356 72 490 425 
Train/pos/person_237.png 312 123 403 407 224 140 322 407 503 129 535 223 453 138 487 226 
Train/pos/person_238.png 336 93 462 423 190 123 283 415 
Train/pos/person_239.png 276 84 388 429 205 81 293 441 
Train/pos/person_240.png 204 102 337 461 319 78 444 446 
Train/pos/person_241.png 216 87 332 423 359 95 459 420 
Train/pos/person_242.png 233 93 357 443 365 50 484 437 
Train/pos/person_243.png 118 139 200 423 177 134 271 421 
Train/pos/person_244.png 220 110 301 407 297 64 425 444 
Train/pos/person_245.png 107 55 256 434 236 177 332 425 
Train/pos/person_252.png 391 137 481 430 214 171 293 425 
Train/pos/person_253.png 332 144 457 437 139 121 207 358 254 134 322 343 206 178 267 364 83 139 118 236 
Train/pos/person_254.png 274 129 351 367 208 110 290 386 390 185 452 378 
Train/pos/person_256.png 321 100 443 432 
Train/pos/person_257.png 353 186 407 358 273 188 330 360 
Train/pos/person_258.png 369 172 424 324 
Train/pos/person_259.png 338 172 392 336 267 170 329 336 183 179 222 329 228 183 278 328 
Train/pos/person_260.png 336 180 388 311 287 192 335 315 
Train/pos/person_266.png 99 66 239 462 549 96 603 307 
Train/pos/person_269.png 149 65 272 461 262 60 372 425 364 75 463 441 443 79 591 477 
Train/pos/person_270.png 345 91 462 475 214 67 328 475 
Train/pos/person_273.png 483 172 537 322 528 176 582 315 302 195 367 470 
Train/pos/person_274.png 292 145 360 378 435 122 584 477 
Train/pos/person_275.png 269 184 346 399 
Train/pos/person_279.png 468 203 523 365 266 226 323 401 192 179 245 326 124 186 172 306 
Train/pos/person_281.png 291 138 382 396 197 141 251 322 
Train/pos/person_283.png 268 123 452 466 
Train/pos/person_284.png 237 144 367 369 560 118 604 222 
Train/pos/person_285.png 268 171 348 370 
Train/pos/person_286.png 368 130 422 268 195 113 313 408 
Train/pos/person_287.png 257 150 354 402 448 140 500 319 
Train/pos/person_288.png 196 154 268 423 263 144 353 413 
Train/pos/person_289.png 334 174 397 419 269 165 343 440 
Train/pos/person_291.png 226 144 346 475 333 146 431 477 
Train/pos/person_292.png 273 164 377 426 249 165 293 330 
Train/pos/person_294.png 272 171 366 410 
Train/pos/person_295.png 251 139 339 398 
Train/pos/person_296.png 227 123 318 450 
Train/pos/person_297.png 317 154 390 419 270 160 339 393 203 150 273 403 3 180 55 310 
Train/pos/person_298.png 249 155 333 426 341 224 410 399 
Train/pos/person_299.png 192 123 284 464 313 215 391 431 
Train/pos/person_300.png 252 106 378 402 338 70 375 187 
Train/pos/person_301.png 274 156 341 410 
Train/pos/person_302.png 334 161 442 443 209 158 310 465 
Train/pos/person_304.png 300 85 413 459 56 73 163 317 131 68 198 290 
Train/pos/person_305.png 278 179 340 351 169 188 258 435 
Train/pos/person_319.png 280 188 352 388 168 161 214 337 564 171 597 278 594 168 634 270 
Train/pos/person_320.png 324 145 456 475 263 123 360 429 477 127 515 227 
Train/pos/person_321.png 383 169 422 277 435 165 477 283 
Train/pos/person_324.png 376 162 436 305 425 162 485 313 
Train/pos/person_327.png 218 109 281 330 
Train/pos/person_328.png 94 227 136 350 
Train/pos/person_329.png 430 117 503 324 
Train/pos/person_331.png 294 143 353 326 391 142 448 281 154 65 286 471 
Train/pos/person_333.png 217 168 283 334 297 173 353 285 177 190 237 333 367 170 413 280 
Train/pos/person_334.png 281 82 398 473 160 88 297 470 389 126 450 403 
Train/pos/person_339.png 52 153 156 422 177 150 233 305 205 141 263 289 
Train/pos/person_340.png 276 117 415 417 168 120 280 418 
Train/pos/person_341.png 237 62 364 439 167 101 263 373 
Train/pos/person_342.png 219 187 308 412 
Train/pos/person_343.png 203 189 274 362 
Train/pos/person_344.png 73 77 163 366 
Train/pos/person_346.png 209 160 301 409 
Train/pos/person_348.png 230 153 287 312 67 152 117 314 321 165 375 325 133 169 173 283 
Train/pos/person_349.png 455 92 585 475 339 103 432 463 38 130 122 384 
Train/pos/person_356.png 161 120 289 589 
Train/pos/person_357.png 347 184 401 375 398 201 468 388 
Train/pos/person_358.png 245 220 310 357 
Train/pos/person_376.png 201 186 261 332 277 194 326 328 374 181 420 300 
Train/pos/person_377.png 326 193 389 359 448 194 483 304 24 213 69 330 63 207 100 327 408 201 444 308 
Train/pos/person_378.png 77 230 117 357 114 220 155 357 285 229 328 341 350 235 390 335 452 227 491 323 182 230 227 328 8 218 48 353 492 227 531 319 
Train/pos/person_387.png 224 152 305 425 289 170 345 404 
Train/pos/person_395.png 150 165 198 318 206 173 262 323 324 202 359 287 
Train/pos/person_414.png 274 121 337 307 105 119 167 303 481 108 522 225 
Train/pos/person_425.png 66 75 111 239 177 79 219 199 125 90 165 196 
Train/pos/person_and_bike_002.png 169 93 291 421 25 118 67 243 
Train/pos/person_and_bike_003.png 184 159 301 474 
Train/pos/person_and_bike_005.png 175 192 231 356 
Train/pos/person_and_bike_007.png 248 44 359 407 
Train/pos/person_and_bike_008.png 228 162 288 372 290 156 373 387 
Train/pos/person_and_bike_009.png 311 176 394 366 
Train/pos/person_and_bike_010.png 264 107 379 352 558 94 599 196 
Train/pos/person_and_bike_011.png 337 185 384 297 398 187 431 281 284 191 323 296 
Train/pos/person_and_bike_013.png 37 144 96 373 284 131 340 312 527 152 619 471 
Train/pos/person_and_bike_015.png 346 116 420 363 
Train/pos/person_and_bike_016.png 93 164 143 310 23 165 59 289 298 145 360 334 60 160 103 286 
Train/pos/person_and_bike_017.png 281 185 321 301 
Train/pos/person_and_bike_019.png 247 38 401 414 
Train/pos/person_and_bike_020.png 370 198 446 401 302 174 347 322 347 181 382 314 
Train/pos/person_and_bike_021.png 278 166 367 372 
Train/pos/person_and_bike_022.png 295 186 380 387 
Train/pos/person_and_bike_023.png 296 138 399 396 
Train/pos/person_and_bike_026.png 571 172 622 306 346 169 421 423 
Train/pos/person_and_bike_030.png 329 131 436 394 249 156 310 296 
Train/pos/person_and_bike_031.png 304 165 390 329 
Train/pos/person_and_bike_033.png 482 110 557 265 
Train/pos/person_and_bike_034.png 296 173 359 327 
Train/pos/person_and_bike_036.png 355 179 393 297 
Train/pos/person_and_bike_039.png 240 99 323 390 176 100 249 376 
Train/pos/person_and_bike_040.png 413 141 452 269 540 149 576 283 482 165 514 281 
Train/pos/person_and_bike_074.png 314 124 357 294 
Train/pos/person_and_bike_075.png 203 73 315 420 
Train/pos/person_and_bike_078.png 267 58 400 344 
Train/pos/person_and_bike_117.png 150 104 321 571 96 123 133 213 
Train/pos/person_and_bike_118.png 121 63 298 631 
Train/pos/person_and_bike_119.png 238 99 353 446 
Train/pos/person_and_bike_120.png 127 138 198 391 390 133 453 421 83 154 121 283 
Train/pos/person_and_bike_121.png 291 104 366 344 387 121 454 364 
Train/pos/person_and_bike_123.png 326 167 398 343 
Train/pos/person_and_bike_124.png 280 165 344 327 17 176 56 289 
Train/pos/person_and_bike_125.png 196 128 267 336 330 146 382 288 458 132 549 408 79 145 117 255 
Train/pos/person_and_bike_127.png 322 67 432 419 253 223 335 429 
Train/pos/person_and_bike_128.png 254 216 328 394 349 123 439 382 
Train/pos/person_and_bike_129.png 202 191 252 347 479 185 534 334 409 192 442 308 287 189 327 304 131 196 174 322 349 191 377 261 
Train/pos/person_and_bike_130.png 280 183 334 323 347 184 405 332 
Train/pos/person_and_bike_132.png 388 167 487 403 281 194 328 389 315 198 364 380 186 177 221 293 
Train/pos/person_and_bike_134.png 247 121 337 421 336 108 416 413 112 125 197 380 509 125 553 244 432 143 465 243 
Train/pos/person_and_bike_135.png 281 117 353 366 212 122 280 375 400 166 452 375 483 120 521 227 
Train/pos/person_and_bike_137.png 340 125 421 414 243 155 344 414 568 148 613 289 83 157 120 301 171 144 214 271 115 156 153 271 
Train/pos/person_and_bike_138.png 322 171 388 342 448 160 478 235 
Train/pos/person_and_bike_139.png 257 136 364 410 223 208 255 311 
Train/pos/person_and_bike_142.png 269 79 372 462 374 80 465 452 84 127 128 307 
Train/pos/person_and_bike_143.png 539 173 602 353 273 174 320 301 
Train/pos/person_and_bike_146.png 240 111 328 429 321 246 391 425 
Train/pos/person_and_bike_147.png 284 146 374 423 172 157 242 411 84 144 129 259 
Train/pos/person_and_bike_148.png 152 134 290 469 366 123 452 401 494 118 556 322 555 115 607 262 307 122 344 223 
Train/pos/person_and_bike_150.png 237 167 307 362 369 190 429 345 315 171 382 367 
Train/pos/person_and_bike_151.png 323 117 398 344 169 119 249 295 
Train/pos/person_and_bike_152.png 224 132 280 311 164 107 218 257 
Train/pos/person_and_bike_155.png 208 37 466 473 
Train/pos/person_and_bike_156.png 368 119 442 325 
Train/pos/person_and_bike_157.png 320 76 451 396 
Train/pos/person_and_bike_166.png 332 104 449 385 
Train/pos/person_and_bike_191.png 281 146 369 431 
Train/pos/person_and_bike_207.png 302 114 392 314 
Train/pos/person_and_bike_208.png 247 104 411 388 
Train/pos/person_and_bike_209.png 336 112 418 316 
